# version 39
{"visible":[[[0,32400]]
,[[0,32400]]
,[[0,32400]]
,[[0,32400]]
,[[0,32400]]
,[[0,32400]]
,[[0,32400]]
,[[0,32400]]
,[[0,32400]]
,[[0,32400]]
,[[0,117],[4,2],[0,1],[4,5],[0,1],[4,1],[0,169],[4,2],[0,1],[4,7],[0,1],[4,1],[0,167],[3,2],[0,1],[4,9],[0,1],[3,1],[0,164],[3,3],[0,1],[3,2],[4,7],[3,2],[0,1],[3,1],[0,162],[3,1],[0,1],[3,1],[0,2],[3,11],[0,2],[3,1],[0,160],[3,1],[0,1],[3,1],[0,2],[3,13],[0,2],[3,1],[0,158],[3,1],[0,1],[3,1],[0,2],[3,15],[0,2],[3,1],[0,158],[3,1],[0,3],[3,15],[0,3],[3,1],[0,160],[3,17],[0,162],[3,19],[0,163],[3,15],[0,167],[3,11],[0,174],[2,1],[0,30117]]
,[[0,32400]]
,[[0,32400]]
,[[0,32400]]
,[[0,32400]]
,[[0,32400]]
,[[0,32400]]
,[[0,32400]]
,[[0,32400]]
,[[0,32400]]
,[[0,32400]]
],"explored":[[[false,32400]]
,[[false,32400]]
,[[false,32400]]
,[[false,32400]]
,[[false,32400]]
,[[false,32400]]
,[[false,32400]]
,[[false,32400]]
,[[false,32400]]
,[[false,32400]]
,[[false,32400]]
,[[false,32400]]
,[[false,32400]]
,[[false,32400]]
,[[false,32400]]
,[[false,32400]]
,[[false,32400]]
,[[false,32400]]
,[[false,32400]]
,[[false,32400]]
,[[false,32400]]
],"notes":[[],[],[],[],[],[],[],[],[],[],[],[],[],[],[],[],[],[],[],[],[]],"extras":[[],[],[],[],[],[],[],[],[],[],[],[],[],[],[],[],[],[],[],[],[]]}