# version 39
{"visible":[[[0,32400]]
,[[0,32400]]
,[[0,32400]]
,[[0,32400]]
,[[0,32400]]
,[[0,32400]]
,[[0,32400]]
,[[0,32400]]
,[[0,32400]]
,[[0,32400]]
,[[0,29811],[3,1],[0,178],[3,3],[0,178],[3,3],[0,177],[3,4],[0,177],[3,4],[0,175],[3,6],[0,174],[3,5],[4,2],[0,174],[3,4],[4,3],[0,3],[4,1],[0,13],[3,2],[0,156],[3,1],[4,10],[0,2],[4,2],[0,2],[3,7],[0,158],[4,14],[3,8],[0,158],[4,14],[3,8],[0,158],[4,10],[0,172],[4,9],[0,171],[4,9],[0,171],[4,8],[0,54]]
,[[0,32400]]
,[[0,32400]]
,[[0,32400]]
,[[0,32400]]
,[[0,32400]]
,[[0,32400]]
,[[0,32400]]
,[[0,32400]]
,[[0,32400]]
,[[0,32400]]
],"explored":[[[false,32400]]
,[[false,32400]]
,[[false,32400]]
,[[false,32400]]
,[[false,32400]]
,[[false,32400]]
,[[false,32400]]
,[[false,32400]]
,[[false,32400]]
,[[false,32400]]
,[[false,32400]]
,[[false,32400]]
,[[false,32400]]
,[[false,32400]]
,[[false,32400]]
,[[false,32400]]
,[[false,32400]]
,[[false,32400]]
,[[false,32400]]
,[[false,32400]]
,[[false,32400]]
],"notes":[[],[],[],[],[],[],[],[],[],[],[],[],[],[],[],[],[],[],[],[],[]],"extras":[[],[],[],[],[],[],[],[],[],[],[[123,173,"mx_corpses"]
,[124,177,"mx_shrubbery"]
],[],[],[],[],[],[],[],[],[],[]]}