# version 39
{"visible":[[[0,32400]]
,[[0,32400]]
,[[0,32400]]
,[[0,32400]]
,[[0,32400]]
,[[0,32400]]
,[[0,32400]]
,[[0,32400]]
,[[0,32400]]
,[[0,32400]]
,[[0,19235],[2,3],[0,173],[3,11],[0,167],[2,1],[3,13],[2,1],[0,164],[3,17],[0,162],[2,1],[3,19],[0,160],[3,21],[2,1],[0,158],[3,6],[4,7],[3,10],[0,157],[3,5],[4,9],[3,10],[0,156],[3,4],[4,12],[3,9],[0,155],[3,4],[4,14],[3,8],[2,1],[0,154],[3,3],[4,15],[3,9],[0,153],[3,3],[4,16],[3,8],[2,1],[0,149],[3,5],[4,18],[3,8],[0,148],[3,5],[4,21],[3,7],[0,149],[3,3],[4,22],[3,6],[0,152],[4,23],[3,5],[0,152],[4,23],[3,5],[0,152],[4,23],[3,5],[2,1],[0,151],[4,8],[3,1],[4,14],[3,5],[2,1],[0,151],[4,7],[3,2],[4,14],[3,5],[0,150],[4,9],[3,2],[4,14],[3,5],[0,143],[2,1],[3,5],[4,10],[3,2],[4,13],[3,6],[0,144],[3,5],[4,9],[3,3],[4,12],[3,7],[0,145],[3,4],[4,8],[0,1],[3,3],[4,12],[3,6],[0,145],[3,6],[4,7],[0,1],[3,3],[4,11],[3,6],[2,1],[0,145],[3,8],[0,1],[4,3],[0,2],[3,4],[4,10],[3,6],[0,147],[3,4],[0,1],[3,1],[0,3],[3,1],[0,3],[3,5],[4,8],[3,6],[0,148],[2,1],[3,2],[0,1],[3,1],[0,4],[3,1],[0,3],[3,18],[0,150],[3,1],[0,1],[3,2],[0,4],[3,1],[0,3],[2,1],[0,4],[3,12],[2,1],[0,151],[2,1],[3,1],[0,5],[3,1],[0,10],[3,4],[0,1],[3,4],[0,160],[3,1],[0,179],[2,1],[0,7588]]
,[[0,32400]]
,[[0,32400]]
,[[0,32400]]
,[[0,32400]]
,[[0,32400]]
,[[0,32400]]
,[[0,32400]]
,[[0,32400]]
,[[0,32400]]
,[[0,32400]]
],"explored":[[[false,32400]]
,[[false,32400]]
,[[false,32400]]
,[[false,32400]]
,[[false,32400]]
,[[false,32400]]
,[[false,32400]]
,[[false,32400]]
,[[false,32400]]
,[[false,32400]]
,[[false,32400]]
,[[false,32400]]
,[[false,32400]]
,[[false,32400]]
,[[false,32400]]
,[[false,32400]]
,[[false,32400]]
,[[false,32400]]
,[[false,32400]]
,[[false,32400]]
,[[false,32400]]
],"notes":[[],[],[],[],[],[],[],[],[],[],[],[],[],[],[],[],[],[],[],[],[]],"extras":[[],[],[],[],[],[],[],[],[],[],[[147,126,"mx_grove"]
,[148,126,"mx_pond"]
,[150,123,"mx_point_dead_vegetation"]
,[151,125,"mx_grass2"]
,[151,121,"mx_grass"]
,[154,121,"mx_grass"]
,[148,120,"mx_worm_sign"]
,[155,120,"mx_trees"]
,[157,120,"mx_grass"]
,[156,118,"mx_grass2"]
,[158,121,"mx_trees"]
,[153,115,"mx_grass2"]
,[159,117,"mx_grass"]
,[159,121,"mx_grass"]
,[153,114,"mx_grass"]
,[153,113,"mx_grass"]
,[155,113,"mx_grass"]
,[160,116,"mx_point_dead_vegetation"]
,[161,117,"mx_grass2"]
,[162,114,"mx_grass2"]
,[163,114,"mx_casings"]
,[163,116,"mx_grass"]
,[165,116,"mx_grass"]
,[165,123,"mx_grass"]
,[166,117,"mx_grass2"]
,[166,119,"mx_grass"]
,[166,121,"mx_grass2"]
,[166,123,"mx_grass"]
,[159,125,"mx_trees2"]
,[169,124,"mx_grass2"]
,[169,127,"mx_sand_patch"]
,[169,119,"mx_grass"]
,[161,130,"mx_trees2"]
,[160,131,"mx_sand_patch"]
,[158,131,"mx_grass2"]
,[167,133,"mx_grass"]
],[],[],[],[],[],[],[],[],[],[]]}