# version 39
{"visible":[[[0,32400]]
,[[0,32400]]
,[[0,32400]]
,[[0,32400]]
,[[0,32400]]
,[[0,32400]]
,[[0,32400]]
,[[0,32400]]
,[[0,32400]]
,[[0,32400]]
,[[0,21224],[2,2],[0,174],[3,10],[0,168],[3,14],[0,165],[3,16],[0,164],[3,17],[0,163],[3,18],[0,162],[3,18],[0,160],[3,7],[4,7],[3,7],[0,159],[3,6],[4,9],[3,6],[0,159],[3,5],[4,11],[3,5],[0,159],[3,5],[4,11],[3,5],[0,159],[3,5],[4,11],[3,5],[2,1],[0,158],[3,5],[4,11],[3,5],[0,159],[3,5],[4,11],[3,5],[0,159],[3,6],[4,10],[3,5],[0,159],[3,6],[4,10],[3,5],[0,159],[3,6],[4,9],[3,5],[0,165],[3,2],[4,7],[3,6],[0,166],[3,2],[4,2],[0,2],[3,8],[0,175],[3,2],[0,2],[2,1],[0,4493],[4,1],[0,176],[4,7],[0,171],[4,11],[0,168],[4,13],[0,167],[4,13],[0,166],[4,15],[0,165],[4,15],[0,165],[4,15],[0,164],[4,17],[0,1],[3,2],[0,161],[4,15],[0,3],[3,1],[0,161],[4,19],[0,161],[4,19],[0,162],[4,18],[0,162],[4,18],[0,163],[4,17],[0,165],[4,15],[0,168],[4,1],[0,2],[4,9],[0,172],[3,1],[4,6],[3,1],[0,171],[3,1],[0,2],[3,6]]
,[[0,32400]]
,[[0,32400]]
,[[0,32400]]
,[[0,32400]]
,[[0,32400]]
,[[0,32400]]
,[[0,32400]]
,[[0,32400]]
,[[0,32400]]
,[[0,32400]]
],"explored":[[[false,32400]]
,[[false,32400]]
,[[false,32400]]
,[[false,32400]]
,[[false,32400]]
,[[false,32400]]
,[[false,32400]]
,[[false,32400]]
,[[false,32400]]
,[[false,32400]]
,[[false,32400]]
,[[false,32400]]
,[[false,32400]]
,[[false,32400]]
,[[false,32400]]
,[[false,32400]]
,[[false,32400]]
,[[false,32400]]
,[[false,32400]]
,[[false,32400]]
,[[false,32400]]
],"notes":[[],[],[],[],[],[],[],[],[],[],[],[],[],[],[],[],[],[],[],[],[]],"extras":[[],[],[],[],[],[],[],[],[],[],[[178,173,"mx_casings"]
,[164,135,"mx_point_burned_ground"]
],[[174,174,"mx_house_wasp"]
],[],[],[],[],[],[],[],[],[]]}