# version 39
{"visible":[[[0,32400]]
,[[0,32400]]
,[[0,32400]]
,[[0,32400]]
,[[0,32400]]
,[[0,32400]]
,[[0,32400]]
,[[0,32400]]
,[[0,32400]]
,[[0,32400]]
,[[0,2606],[3,2],[0,178],[3,2],[0,170],[3,1],[0,7],[3,1],[0,2],[4,1],[0,167],[2,1],[3,2],[0,6],[4,7],[0,164],[3,4],[0,3],[4,11],[0,163],[3,4],[0,1],[4,13],[0,164],[3,2],[4,14],[0,166],[4,15],[0,165],[4,15],[0,164],[4,16],[0,159],[3,5],[4,17],[0,164],[4,15],[0,165],[4,15],[0,164],[3,1],[4,15],[0,164],[3,1],[0,1],[4,13],[0,164],[3,1],[0,2],[4,13],[0,163],[3,1],[0,4],[4,11],[0,171],[4,7],[0,173],[3,1],[0,2],[4,1],[0,26550]]
,[[0,2606],[3,2],[0,178],[3,2],[0,170],[3,1],[0,7],[3,1],[0,170],[2,1],[3,2],[0,6],[3,1],[0,170],[3,4],[0,5],[3,1],[0,171],[3,4],[0,4],[4,2],[0,172],[3,2],[4,1],[0,1],[4,3],[0,175],[4,5],[0,176],[4,4],[0,174],[4,9],[3,5],[2,1],[0,160],[3,5],[4,9],[3,1],[0,172],[4,7],[3,3],[0,169],[4,6],[0,1],[3,1],[0,1],[3,2],[0,168],[3,2],[0,3],[4,2],[3,1],[0,172],[3,1],[0,4],[3,2],[0,1],[3,1],[0,170],[3,1],[0,5],[3,3],[0,1],[3,1],[0,168],[3,1],[0,6],[3,2],[0,178],[3,2],[0,178],[3,1],[0,26553]]
,[[0,32400]]
,[[0,32400]]
,[[0,32400]]
,[[0,32400]]
,[[0,32400]]
,[[0,32400]]
,[[0,32400]]
,[[0,32400]]
,[[0,32400]]
],"explored":[[[false,32400]]
,[[false,32400]]
,[[false,32400]]
,[[false,32400]]
,[[false,32400]]
,[[false,32400]]
,[[false,32400]]
,[[false,32400]]
,[[false,32400]]
,[[false,32400]]
,[[false,32400]]
,[[false,32400]]
,[[false,32400]]
,[[false,32400]]
,[[false,32400]]
,[[false,32400]]
,[[false,32400]]
,[[false,32400]]
,[[false,32400]]
,[[false,32400]]
,[[false,32400]]
],"notes":[[],[],[],[],[],[],[],[],[],[],[],[],[],[],[],[],[],[],[],[],[]],"extras":[[],[],[],[],[],[],[],[],[],[[82,23,"mx_dormant"]
],[],[],[],[],[],[],[],[],[],[],[]]}