# version 39
{"visible":[[[0,32400]]
,[[0,32400]]
,[[0,32400]]
,[[0,32400]]
,[[0,32400]]
,[[0,32400]]
,[[0,32400]]
,[[0,32400]]
,[[0,32400]]
,[[0,32400]]
,[[0,5805],[3,3],[0,177],[3,4],[0,175],[3,4],[0,176],[3,4],[0,176],[3,4],[0,176],[3,3],[0,2],[3,1],[0,174],[4,2],[0,2],[3,2],[0,1],[3,3],[0,170],[4,3],[3,7],[0,168],[4,6],[3,6],[0,167],[4,7],[3,6],[0,167],[4,7],[3,6],[2,1],[0,166],[4,7],[3,6],[0,168],[4,6],[3,6],[0,167],[4,6],[3,3],[0,2],[3,1],[0,167],[3,1],[4,5],[3,4],[0,169],[3,7],[0,175],[3,5],[0,175],[3,3],[0,177],[3,3],[0,176],[3,4],[0,176],[3,4],[0,179],[2,1],[0,22816]]
,[[0,32400]]
,[[0,32400]]
,[[0,32400]]
,[[0,32400]]
,[[0,32400]]
,[[0,32400]]
,[[0,32400]]
,[[0,32400]]
,[[0,32400]]
,[[0,32400]]
],"explored":[[[false,32400]]
,[[false,32400]]
,[[false,32400]]
,[[false,32400]]
,[[false,32400]]
,[[false,32400]]
,[[false,32400]]
,[[false,32400]]
,[[false,32400]]
,[[false,32400]]
,[[false,32400]]
,[[false,32400]]
,[[false,32400]]
,[[false,32400]]
,[[false,32400]]
,[[false,32400]]
,[[false,32400]]
,[[false,32400]]
,[[false,32400]]
,[[false,32400]]
,[[false,32400]]
],"notes":[[],[],[],[],[],[],[],[],[],[],[],[],[],[],[],[],[],[],[],[],[]],"extras":[[],[],[],[],[],[],[],[],[],[],[[41,40,"mx_point_dead_vegetation"]
,[44,40,"mx_grass"]
,[43,45,"mx_grave"]
],[],[],[],[],[],[],[],[],[],[]]}