# version 39
{"visible":[[[0,32400]]
,[[0,32400]]
,[[0,32400]]
,[[0,32400]]
,[[0,32400]]
,[[0,32400]]
,[[0,32400]]
,[[0,32400]]
,[[0,32400]]
,[[0,32400]]
,[[0,3592],[4,1],[0,176],[4,7],[0,171],[4,11],[0,168],[4,13],[0,167],[4,13],[0,166],[4,15],[0,165],[4,15],[0,165],[4,15],[0,164],[4,16],[0,165],[4,15],[0,165],[4,15],[0,165],[4,15],[0,166],[4,13],[0,167],[4,13],[0,168],[4,11],[0,171],[4,7],[0,176],[4,1],[0,3026],[3,1],[0,179],[3,2],[0,178],[3,2],[0,176],[3,7],[0,1],[3,3],[0,167],[3,2],[4,5],[3,1],[0,1],[3,4],[0,164],[3,3],[4,8],[3,5],[0,164],[3,3],[4,8],[3,5],[0,164],[3,3],[4,8],[3,2],[0,166],[3,4],[4,8],[3,5],[2,1],[0,160],[2,1],[3,5],[4,8],[3,5],[0,162],[3,5],[4,8],[3,5],[0,162],[3,5],[4,7],[0,1],[3,5],[0,162],[3,5],[4,5],[0,4],[3,4],[0,162],[3,6],[4,3],[0,6],[3,3],[0,162],[3,9],[0,174],[3,6],[0,173],[3,1],[0,1],[3,5],[0,174],[3,6],[0,175],[3,5],[0,179],[2,1],[0,19481]]
,[[0,32400]]
,[[0,32400]]
,[[0,32400]]
,[[0,32400]]
,[[0,32400]]
,[[0,32400]]
,[[0,32400]]
,[[0,32400]]
,[[0,32400]]
,[[0,32400]]
],"explored":[[[false,32400]]
,[[false,32400]]
,[[false,32400]]
,[[false,32400]]
,[[false,32400]]
,[[false,32400]]
,[[false,32400]]
,[[false,32400]]
,[[false,32400]]
,[[false,32400]]
,[[false,32400]]
,[[false,32400]]
,[[false,32400]]
,[[false,32400]]
,[[false,32400]]
,[[false,32400]]
,[[false,32400]]
,[[false,32400]]
,[[false,32400]]
,[[false,32400]]
,[[false,32400]]
],"notes":[[],[],[],[],[],[],[],[],[],[],[],[],[],[],[],[],[],[],[],[],[]],"extras":[[],[],[],[],[],[],[],[],[],[],[[135,64,"mx_grass"]
,[136,61,"mx_grass"]
,[136,63,"mx_grass"]
,[136,64,"mx_trees"]
,[137,60,"mx_sand_patch"]
,[137,63,"mx_grass"]
,[138,61,"mx_grass"]
,[139,59,"mx_grass2"]
,[141,58,"mx_grass2"]
,[136,65,"mx_grass"]
,[143,63,"mx_grass2"]
,[141,56,"mx_huckleberry_patch"]
,[134,56,"mx_shrubbery"]
],[],[],[],[],[],[],[],[],[],[]]}