# version 39
{"visible":[[[0,32400]]
,[[0,32400]]
,[[0,32400]]
,[[0,32400]]
,[[0,32400]]
,[[0,32400]]
,[[0,32400]]
,[[0,32400]]
,[[0,32400]]
,[[0,32400]]
,[[0,755],[2,1],[0,175],[3,9],[0,169],[2,1],[3,11],[2,1],[0,167],[3,14],[0,167],[3,12],[0,169],[3,10],[0,171],[3,1],[4,5],[3,2],[0,171],[3,1],[4,7],[0,172],[4,7],[0,173],[4,6],[0,173],[3,1],[4,9],[0,170],[3,1],[4,12],[0,167],[3,1],[4,3],[0,1],[4,10],[0,166],[3,1],[0,2],[4,12],[0,8],[4,1],[0,160],[4,12],[0,4],[4,7],[0,157],[4,25],[0,157],[4,24],[0,158],[4,22],[0,160],[4,21],[0,159],[4,21],[0,161],[4,19],[0,164],[4,17],[0,164],[4,15],[0,165],[4,15],[0,165],[4,15],[0,166],[4,13],[0,167],[4,13],[0,168],[4,11],[0,171],[4,7],[0,176],[4,1],[0,26405]]
,[[0,32400]]
,[[0,32400]]
,[[0,32400]]
,[[0,32400]]
,[[0,32400]]
,[[0,32400]]
,[[0,32400]]
,[[0,32400]]
,[[0,32400]]
,[[0,32400]]
],"explored":[[[false,32400]]
,[[false,32400]]
,[[false,32400]]
,[[false,32400]]
,[[false,32400]]
,[[false,32400]]
,[[false,32400]]
,[[false,32400]]
,[[false,32400]]
,[[false,32400]]
,[[false,32400]]
,[[false,32400]]
,[[false,32400]]
,[[false,32400]]
,[[false,32400]]
,[[false,32400]]
,[[false,32400]]
,[[false,32400]]
,[[false,32400]]
,[[false,32400]]
,[[false,32400]]
],"notes":[[],[],[],[],[],[],[],[],[],[],[],[],[],[],[],[],[],[],[],[],[]],"extras":[[],[],[],[],[],[],[],[],[],[],[[34,13,"mx_trees2"]
,[35,13,"mx_grass2"]
,[37,10,"mx_grass2"]
],[],[],[],[],[],[],[],[],[],[]]}