# version 39
{"visible":[[[0,32400]]
,[[0,32400]]
,[[0,32400]]
,[[0,32400]]
,[[0,32400]]
,[[0,32400]]
,[[0,32400]]
,[[0,32400]]
,[[0,32400]]
,[[0,32400]]
,[[0,21412],[2,1],[0,175],[3,9],[0,169],[2,1],[3,11],[2,1],[0,166],[3,15],[0,164],[2,1],[3,15],[0,164],[3,16],[0,163],[3,7],[4,5],[3,5],[0,163],[3,6],[4,7],[3,4],[0,163],[3,5],[4,9],[3,3],[0,163],[3,5],[4,9],[3,3],[0,162],[2,1],[3,5],[4,9],[3,3],[0,162],[2,1],[3,5],[4,8],[0,166],[2,1],[3,5],[4,8],[0,166],[2,1],[3,5],[4,9],[0,165],[2,1],[3,5],[4,9],[0,166],[3,5],[4,9],[0,167],[3,4],[4,9],[0,167],[3,5],[4,7],[0,168],[3,2],[0,4],[4,5],[0,169],[2,1],[0,7575]]
,[[0,32400]]
,[[0,32400]]
,[[0,32400]]
,[[0,32400]]
,[[0,32400]]
,[[0,32400]]
,[[0,32400]]
,[[0,32400]]
,[[0,32400]]
,[[0,32400]]
],"explored":[[[false,32400]]
,[[false,32400]]
,[[false,32400]]
,[[false,32400]]
,[[false,32400]]
,[[false,32400]]
,[[false,32400]]
,[[false,32400]]
,[[false,32400]]
,[[false,32400]]
,[[false,32400]]
,[[false,32400]]
,[[false,32400]]
,[[false,32400]]
,[[false,32400]]
,[[false,32400]]
,[[false,32400]]
,[[false,32400]]
,[[false,32400]]
,[[false,32400]]
,[[false,32400]]
],"notes":[[],[],[],[],[],[],[],[],[],[],[],[],[],[],[],[],[],[],[],[],[]],"extras":[[],[],[],[],[],[],[],[],[],[],[[174,136,"mx_strawberry_patch"]
,[173,126,"mx_grass"]
,[175,126,"mx_grass"]
,[171,125,"mx_grass2"]
],[],[],[],[],[],[],[],[],[],[]]}