# version 39
{"visible":[[[0,32400]]
,[[0,32400]]
,[[0,32400]]
,[[0,32400]]
,[[0,32400]]
,[[0,32400]]
,[[0,32400]]
,[[0,32400]]
,[[0,32400]]
,[[0,32400]]
,[[0,4770],[3,4],[0,174],[2,1],[3,5],[0,175],[3,5],[0,175],[3,5],[0,176],[3,4],[0,177],[4,3],[0,178],[4,6],[0,172],[4,9],[0,171],[4,9],[0,171],[4,11],[0,1],[3,1],[0,167],[4,11],[3,3],[0,146],[4,1],[0,19],[4,11],[3,2],[0,144],[4,7],[0,14],[4,13],[0,144],[4,11],[0,12],[4,14],[3,5],[2,1],[0,136],[4,13],[0,10],[4,13],[0,144],[4,13],[0,10],[4,13],[0,143],[4,15],[0,9],[4,14],[3,2],[0,140],[4,15],[0,9],[4,11],[3,2],[0,143],[4,15],[0,8],[4,8],[0,4],[3,2],[0,142],[4,17],[0,6],[4,9],[0,149],[4,15],[0,6],[4,9],[0,150],[4,15],[0,6],[4,9],[0,150],[4,17],[0,3],[4,9],[0,152],[4,27],[0,153],[4,26],[0,155],[4,24],[0,158],[4,22],[0,161],[4,1],[0,1],[4,16],[0,166],[4,14],[0,171],[4,7],[0,22414]]
,[[0,32400]]
,[[0,32400]]
,[[0,32400]]
,[[0,32400]]
,[[0,32400]]
,[[0,32400]]
,[[0,32400]]
,[[0,32400]]
,[[0,32400]]
,[[0,32400]]
],"explored":[[[false,32400]]
,[[false,32400]]
,[[false,32400]]
,[[false,32400]]
,[[false,32400]]
,[[false,32400]]
,[[false,32400]]
,[[false,32400]]
,[[false,32400]]
,[[false,32400]]
,[[false,32400]]
,[[false,32400]]
,[[false,32400]]
,[[false,32400]]
,[[false,32400]]
,[[false,32400]]
,[[false,32400]]
,[[false,32400]]
,[[false,32400]]
,[[false,32400]]
,[[false,32400]]
],"notes":[[],[],[],[],[],[],[],[],[],[],[],[],[],[],[],[],[],[],[],[],[]],"extras":[[],[],[],[],[],[],[],[],[],[],[[94,37,"mx_point_dead_vegetation"]
,[95,37,"mx_grass"]
,[97,37,"mx_grass2"]
,[93,43,"mx_grass2"]
,[94,36,"mx_grass2"]
,[96,36,"mx_grass2"]
],[],[],[],[],[],[],[],[],[],[]]}