# version 39
{"visible":[[[0,32400]]
,[[0,32400]]
,[[0,32400]]
,[[0,32400]]
,[[0,32400]]
,[[0,32400]]
,[[0,32400]]
,[[0,32400]]
,[[0,32400]]
,[[0,32400]]
,[[0,11948],[4,1],[0,176],[4,7],[0,171],[4,11],[0,168],[4,13],[0,167],[4,13],[0,166],[4,15],[0,165],[4,15],[0,165],[4,15],[0,164],[4,17],[0,164],[4,15],[0,165],[4,15],[0,165],[4,15],[0,166],[4,13],[0,167],[4,13],[0,168],[4,11],[0,171],[4,7],[0,176],[4,1],[0,17571]]
,[[0,32400]]
,[[0,32400]]
,[[0,32400]]
,[[0,32400]]
,[[0,32400]]
,[[0,32400]]
,[[0,32400]]
,[[0,32400]]
,[[0,32400]]
,[[0,32400]]
],"explored":[[[false,32400]]
,[[false,32400]]
,[[false,32400]]
,[[false,32400]]
,[[false,32400]]
,[[false,32400]]
,[[false,32400]]
,[[false,32400]]
,[[false,32400]]
,[[false,32400]]
,[[false,32400]]
,[[false,32400]]
,[[false,32400]]
,[[false,32400]]
,[[false,32400]]
,[[false,32400]]
,[[false,32400]]
,[[false,32400]]
,[[false,32400]]
,[[false,32400]]
,[[false,32400]]
],"notes":[[],[],[],[],[],[],[],[],[],[],[],[],[],[],[],[],[],[],[],[],[]],"extras":[[],[],[],[],[],[],[],[],[],[],[[73,70,"mx_roadblock"]
],[[72,73,"mx_casings"]
],[],[],[],[],[],[],[],[],[]]}