# version 39
{"visible":[[[0,32400]]
,[[0,32400]]
,[[0,32400]]
,[[0,32400]]
,[[0,32400]]
,[[0,32400]]
,[[0,32400]]
,[[0,32400]]
,[[0,32400]]
,[[0,32400]]
,[[0,16012],[4,1],[0,176],[4,7],[0,171],[4,11],[0,168],[4,13],[0,167],[4,13],[0,166],[4,15],[0,165],[4,15],[0,165],[4,15],[0,164],[4,16],[0,165],[4,15],[0,165],[4,15],[0,163],[4,17],[0,163],[4,16],[0,163],[4,17],[0,163],[4,16],[0,164],[4,14],[0,166],[4,13],[0,167],[4,7],[0,1],[4,3],[0,169],[4,7],[0,173],[4,7],[0,173],[4,7],[0,173],[4,7],[0,173],[4,7],[0,10],[3,1],[0,162],[4,7],[0,9],[3,1],[0,163],[4,7],[0,5],[4,1],[0,2],[3,1],[0,164],[4,7],[0,3],[4,5],[3,2],[0,163],[4,7],[0,3],[4,6],[0,164],[4,7],[0,2],[4,7],[0,164],[4,8],[0,1],[4,7],[0,165],[4,15],[0,165],[4,15],[0,166],[4,14],[0,166],[4,14],[0,167],[4,12],[0,169],[4,11],[0,171],[4,7],[0,172],[2,1],[3,1],[0,181],[3,1],[0,9729]]
,[[0,32400]]
,[[0,32400]]
,[[0,32400]]
,[[0,32400]]
,[[0,32400]]
,[[0,32400]]
,[[0,32400]]
,[[0,32400]]
,[[0,32400]]
,[[0,32400]]
],"explored":[[[false,32400]]
,[[false,32400]]
,[[false,32400]]
,[[false,32400]]
,[[false,32400]]
,[[false,32400]]
,[[false,32400]]
,[[false,32400]]
,[[false,32400]]
,[[false,32400]]
,[[false,32400]]
,[[false,32400]]
,[[false,32400]]
,[[false,32400]]
,[[false,32400]]
,[[false,32400]]
,[[false,32400]]
,[[false,32400]]
,[[false,32400]]
,[[false,32400]]
,[[false,32400]]
],"notes":[[],[],[],[],[],[],[],[],[],[],[],[],[],[],[],[],[],[],[],[],[]],"extras":[[],[],[],[],[],[],[],[],[],[],[[170,117,"mx_clearcut"]
,[173,115,"mx_science"]
],[],[],[],[],[],[],[],[],[],[]]}