# version 39
{"visible":[[[0,32400]]
,[[0,32400]]
,[[0,32400]]
,[[0,32400]]
,[[0,32400]]
,[[0,32400]]
,[[0,32400]]
,[[0,32400]]
,[[0,32400]]
,[[0,32400]]
,[[0,142],[3,4],[4,10],[3,5],[0,162],[2,1],[3,2],[4,10],[3,5],[0,163],[3,2],[4,10],[3,5],[0,163],[3,1],[4,11],[3,5],[0,156],[2,1],[3,1],[2,1],[3,1],[0,3],[3,1],[4,11],[3,5],[0,156],[3,7],[4,11],[3,6],[0,155],[3,7],[4,12],[3,6],[0,156],[3,5],[4,13],[3,5],[0,157],[3,4],[4,13],[3,6],[0,157],[3,3],[4,14],[3,6],[0,157],[3,3],[4,13],[3,6],[0,160],[3,2],[4,12],[3,6],[0,159],[3,1],[0,2],[4,11],[3,6],[0,161],[4,12],[3,7],[0,161],[4,11],[3,7],[0,155],[2,1],[3,2],[0,4],[4,10],[3,7],[2,1],[0,153],[2,1],[0,1],[3,3],[0,4],[4,9],[3,8],[0,154],[3,6],[0,3],[4,9],[3,6],[2,1],[0,152],[3,9],[0,3],[4,9],[3,5],[2,1],[0,151],[2,1],[3,10],[4,12],[3,5],[2,1],[0,152],[3,8],[4,14],[3,5],[0,152],[3,9],[4,14],[3,5],[0,150],[3,9],[4,15],[3,6],[0,149],[3,7],[4,17],[3,7],[0,148],[2,1],[3,6],[4,17],[3,7],[0,149],[3,6],[4,17],[3,7],[2,1],[0,148],[3,7],[4,16],[3,8],[0,148],[2,1],[3,6],[4,17],[3,7],[0,149],[3,6],[4,17],[3,7],[0,149],[3,7],[4,16],[3,7],[0,150],[3,6],[4,15],[3,8],[0,150],[3,6],[4,14],[3,9],[2,1],[0,150],[3,6],[4,12],[3,11],[0,151],[3,5],[4,12],[3,10],[2,1],[0,151],[3,6],[4,12],[3,9],[0,153],[3,6],[4,11],[3,8],[0,155],[3,5],[4,11],[3,7],[0,157],[3,5],[4,11],[3,6],[0,157],[2,1],[3,5],[4,10],[3,6],[2,1],[0,158],[3,5],[4,10],[3,6],[0,159],[3,5],[4,10],[3,5],[0,160],[3,6],[4,8],[3,6],[0,160],[3,7],[4,6],[3,7],[0,161],[3,18],[0,162],[2,1],[3,5],[0,3],[3,8],[2,1],[0,163],[3,5],[0,3],[3,8],[0,165],[2,1],[3,2],[0,4],[3,6],[2,1],[0,168],[3,1],[0,4],[3,5],[0,175],[2,1],[0,23633]]
,[[0,32400]]
,[[0,32400]]
,[[0,32400]]
,[[0,32400]]
,[[0,32400]]
,[[0,32400]]
,[[0,32400]]
,[[0,32400]]
,[[0,32400]]
,[[0,32400]]
],"explored":[[[false,32400]]
,[[false,32400]]
,[[false,32400]]
,[[false,32400]]
,[[false,32400]]
,[[false,32400]]
,[[false,32400]]
,[[false,32400]]
,[[false,32400]]
,[[false,32400]]
,[[false,32400]]
,[[false,32400]]
,[[false,32400]]
,[[false,32400]]
,[[false,32400]]
,[[false,32400]]
,[[false,32400]]
,[[false,32400]]
,[[false,32400]]
,[[false,32400]]
,[[false,32400]]
],"notes":[[],[],[],[],[],[],[],[],[],[],[],[],[],[],[],[],[],[],[],[],[]],"extras":[[],[],[],[],[],[],[],[],[],[],[[149,0,"mx_mass_grave"]
,[152,0,"mx_grass2"]
,[149,1,"mx_grass"]
,[150,1,"mx_trees2"]
,[148,0,"mx_grass2"]
,[152,2,"mx_grass2"]
,[153,2,"mx_grass2"]
,[153,4,"mx_grass2"]
,[148,5,"mx_grass2"]
,[150,9,"mx_reed"]
,[146,7,"mx_grass"]
,[149,10,"mx_reed"]
,[147,11,"mx_reed"]
,[148,11,"mx_reed"]
,[146,12,"mx_reed"]
,[147,12,"mx_reed"]
,[143,8,"mx_grass"]
,[145,13,"mx_reed"]
,[142,10,"mx_grass2"]
,[141,10,"mx_grass2"]
,[144,15,"mx_reed"]
,[144,16,"mx_reed"]
,[141,19,"mx_pond_forest_2"]
,[144,19,"mx_reed"]
,[145,19,"mx_reed"]
,[143,20,"mx_reed"]
,[143,21,"mx_reed"]
,[140,22,"mx_reed"]
,[142,22,"mx_reed"]
,[140,24,"mx_reed"]
,[139,25,"mx_reed"]
,[136,26,"mx_bandits_block"]
,[138,26,"mx_reed"]
,[137,27,"mx_reed"]
,[138,27,"mx_reed"]
,[134,25,"mx_grass"]
,[135,28,"mx_reed"]
,[136,28,"mx_reed"]
,[137,28,"mx_reed"]
,[135,29,"mx_reed"]
,[132,26,"mx_grass2"]
,[132,30,"mx_reed"]
,[130,25,"mx_grass"]
,[130,28,"mx_trees"]
,[129,25,"mx_trees2"]
,[129,29,"mx_grass2"]
,[128,28,"mx_trees2"]
,[131,31,"mx_reed"]
,[132,31,"mx_reed"]
,[130,32,"mx_reed"]
,[127,27,"mx_trees2"]
,[129,33,"mx_reed"]
,[130,33,"mx_reed"]
,[126,30,"mx_fallen_shed"]
,[128,35,"mx_reed"]
,[127,36,"mx_reed"]
,[127,37,"mx_reed"]
,[127,38,"mx_reed"]
,[124,39,"mx_fallen_shed"]
,[127,39,"mx_reed"]
,[127,42,"mx_reed"]
,[127,43,"mx_reed"]
],[],[],[],[],[],[],[],[],[],[]]}