# version 39
{"visible":[[[0,32400]]
,[[0,32400]]
,[[0,32400]]
,[[0,32400]]
,[[0,32400]]
,[[0,32400]]
,[[0,32400]]
,[[0,32400]]
,[[0,32400]]
,[[0,32400]]
,[[0,17280],[4,1],[0,2339],[3,1],[0,1619],[3,1],[0,179],[3,2],[0,178],[3,2],[0,178],[3,3],[0,177],[3,3],[0,177],[3,3],[0,177],[3,3],[0,177],[3,3],[2,1],[0,176],[3,3],[2,1],[0,176],[3,3],[2,1],[0,176],[3,3],[2,1],[0,176],[3,3],[2,1],[0,176],[3,3],[0,177],[3,3],[0,177],[3,3],[0,177],[3,3],[0,177],[3,2],[0,178],[3,2],[0,178],[3,1],[0,7919]]
,[[0,21240],[3,1],[0,179],[3,2],[0,178],[3,2],[0,178],[3,3],[0,177],[3,3],[0,177],[3,3],[0,177],[3,3],[0,177],[3,3],[2,1],[0,176],[3,3],[2,1],[0,176],[3,3],[2,1],[0,176],[3,3],[2,1],[0,176],[3,3],[2,1],[0,176],[3,3],[0,177],[3,3],[0,177],[3,3],[0,177],[3,3],[0,177],[3,2],[0,178],[3,2],[0,178],[3,1],[0,7919]]
,[[0,32400]]
,[[0,32400]]
,[[0,32400]]
,[[0,32400]]
,[[0,32400]]
,[[0,32400]]
,[[0,32400]]
,[[0,32400]]
,[[0,32400]]
],"explored":[[[false,32400]]
,[[false,32400]]
,[[false,32400]]
,[[false,32400]]
,[[false,32400]]
,[[false,32400]]
,[[false,32400]]
,[[false,32400]]
,[[false,32400]]
,[[false,32400]]
,[[false,32400]]
,[[false,32400]]
,[[false,32400]]
,[[false,32400]]
,[[false,32400]]
,[[false,32400]]
,[[false,32400]]
,[[false,32400]]
,[[false,32400]]
,[[false,32400]]
,[[false,32400]]
],"notes":[[],[],[],[],[],[],[],[],[],[],[],[],[],[],[],[],[],[],[],[],[]],"extras":[[],[],[],[],[],[],[],[],[],[],[],[],[],[],[],[],[],[],[],[],[]]}